11464828, 0, 0, 
11464928, 0, 0, 
11465028, 508191090, -13071978, 
11465128, 508191090, -13071978, 
11465228, 508191146, -13071978, 
11465328, 508191146, -13071978, 
11465428, 508191146, -13071978, 
11465528, 508191146, -13071978, 
11465628, 508191146, -13071978, 
11465728, 508191146, -13071978, 
11465828, 508191146, -13071978, 
11465928, 508191146, -13071978, 
11470028, 508191146, -13071978, 
11470128, 508191146, -13071978, 
11470228, 508191146, -13071978, 
11470328, 508191148, -13071836, 
11470428, 508191078, -13071833, 
11470528, 508191078, -13071833, 
11470628, 508191148, -13071836, 
11470728, 508191148, -13071836, 
11470828, 508191148, -13071836, 
11470928, 508191078, -13071833, 
11471028, 508191078, -13071833, 
11471128, 508191078, -13071833, 
11471228, 508191080, -13071691, 
11471328, 508191080, -13071691, 
11471428, 508191080, -13071691, 
11471528, 508191080, -13071691, 
11471628, 508191081, -13071549, 
11471728, 508191081, -13071549, 
11471828, 508191081, -13071549, 
11471928, 508191081, -13071549, 
11472028, 508191081, -13071549, 
11472128, 508191138, -13071549, 
11472228, 508191138, -13071549, 
11472328, 508191138, -13071549, 
11472428, 508191138, -13071549, 
11472528, 508191138, -13071549, 
11472628, 508191138, -13071549, 
11472728, 508191140, -13071407, 
11472828, 508191140, -13071407, 
11472928, 508191140, -13071407, 
11473028, 508191140, -13071407, 
11473128, 508191140, -13071407, 
11473228, 508191140, -13071407, 
11473328, 508191140, -13071407, 
11473428, 508191141, -13071266, 
11473528, 508191141, -13071266, 
11473628, 508191141, -13071266, 
11473728, 508191141, -13071266, 
11473828, 508191141, -13071266, 
11473928, 508191141, -13071266, 
11474028, 508191143, -13071124, 
11474128, 508191143, -13071124, 
11474228, 508191143, -13071124, 
11474328, 508191141, -13071266, 
11474428, 508191141, -13071266, 
11474528, 508191141, -13071266, 
11474628, 508191141, -13071266, 
11474728, 508191141, -13071266, 
11474828, 508191072, -13071262, 
11474928, 508191072, -13071262, 
11475028, 508191072, -13071262, 
11475128, 508191072, -13071262, 
11475228, 508191072, -13071262, 
11475328, 508191072, -13071262, 
11475428, 508191072, -13071262, 
11475528, 508191072, -13071262, 
11475628, 508191072, -13071262, 
11475728, 508191072, -13071262, 
11475828, 508191072, -13071262, 
11475928, 508191072, -13071262, 
11480028, 508191072, -13071262, 
11480128, 508191072, -13071262, 
11480228, 508191072, -13071262, 
11480328, 508191072, -13071262, 
11480428, 508191072, -13071262, 
11480528, 508191072, -13071262, 
11480628, 508191072, -13071262, 
11480728, 508191072, -13071262, 
11480828, 508191072, -13071262, 
11480928, 508191072, -13071262, 
11481028, 508191072, -13071262, 
11481128, 508191072, -13071262, 
11481228, 508191072, -13071262, 
11481328, 508191072, -13071262, 
11481428, 508191072, -13071262, 
11481528, 508191072, -13071262, 
11481628, 508191015, -13071262, 
11481728, 508191015, -13071262, 
11481828, 508190947, -13071117, 
11481928, 508190947, -13071117, 
11482028, 508190947, -13071117, 
11482128, 508190947, -13071117, 
11482228, 508190947, -13071117, 
11482328, 508190947, -13071117, 
11482428, 508190947, -13071117, 
11482528, 508190947, -13071117, 
11482628, 508190947, -13071117, 
11482728, 508190947, -13071117, 
11482828, 508190945, -13071259, 
11482928, 508190945, -13071259, 
11483028, 508190945, -13071259, 
11483128, 508190945, -13071259, 
11483228, 508190945, -13071259, 
11483328, 508190945, -13071259, 
11483428, 508190945, -13071259, 
11483528, 508190945, -13071259, 
11483628, 508190945, -13071259, 
11483728, 508190945, -13071259, 
11483828, 508190945, -13071259, 
11483928, 508190945, -13071259, 
11484028, 508190945, -13071259, 
11484128, 508190945, -13071259, 
11484228, 508190945, -13071259, 
11484328, 508190945, -13071259, 
11484428, 508190945, -13071259, 
11484528, 508190945, -13071259, 
11484628, 508190945, -13071259, 
11484728, 508190945, -13071259, 
11484828, 508191015, -13071262, 
11484928, 508191015, -13071262, 
11485028, 508191015, -13071262, 
11485128, 508191015, -13071262, 
11485228, 508191015, -13071262, 
11485328, 508191015, -13071262, 
11485428, 508191015, -13071262, 
11485528, 508191015, -13071262, 
11485628, 508191015, -13071262, 
11485728, 508191015, -13071262, 
11485828, 508191015, -13071262, 
11485928, 508191015, -13071262, 
11490028, 508191015, -13071262, 
11490228, 508191015, -13071262, 
11490328, 508191015, -13071262, 
11490428, 508191015, -13071262, 
11490528, 508191015, -13071262, 
11490628, 508191015, -13071262, 
11490728, 508191015, -13071262, 
11490828, 508191015, -13071262, 
11490928, 508191015, -13071262, 
11491028, 508191015, -13071262, 
11491128, 508191015, -13071262, 
11491228, 508191015, -13071262, 
11491328, 508191015, -13071262, 
11491428, 508191015, -13071262, 
11491528, 508191015, -13071262, 
11491628, 508191015, -13071262, 
11491728, 508191015, -13071262, 
11491828, 508191015, -13071262, 
11491928, 508191015, -13071262, 
11492028, 508191015, -13071262, 
11492128, 508191015, -13071262, 
11492228, 508191015, -13071262, 
11492328, 508191015, -13071262, 
11492428, 508191015, -13071262, 
11492528, 508191015, -13071262, 
11492628, 508191015, -13071262, 
11492728, 508191015, -13071262, 
11492828, 508191015, -13071262, 
11492928, 508191015, -13071262, 
11493028, 508191015, -13071262, 
11493128, 508191015, -13071262, 
11493228, 508191015, -13071262, 
11493328, 508191015, -13071262, 
11493428, 508191015, -13071262, 
11493528, 508191015, -13071262, 
11493628, 508191015, -13071262, 
11493728, 508191015, -13071262, 
11493828, 508191015, -13071262, 
11493928, 508191015, -13071262, 
11494028, 508191015, -13071262, 
11494128, 508191015, -13071262, 
11494228, 508191015, -13071262, 
11494328, 508191015, -13071262, 
11494428, 508191015, -13071262, 
11494528, 508191015, -13071262, 
11494628, 508191015, -13071262, 
11494728, 508191015, -13071262, 
11494828, 508191015, -13071262, 
11494928, 508191015, -13071262, 
11495028, 508191015, -13071262, 
11495128, 508191015, -13071262, 
11495228, 508191015, -13071262, 
11495328, 508191015, -13071262, 
11495428, 508191015, -13071262, 
11495528, 508191015, -13071262, 
11495628, 508191015, -13071262, 
11495728, 508191015, -13071262, 
11495828, 508191015, -13071262, 
11495928, 508191015, -13071262, 
11500028, 508191015, -13071262, 
11500128, 508191015, -13071262, 
11500228, 508191015, -13071262, 
11500328, 508191015, -13071262, 
11500428, 508191015, -13071262, 
11500528, 508191015, -13071262, 
11500628, 508191015, -13071262, 
11500728, 508191015, -13071262, 
11500828, 508191015, -13071262, 
11500928, 508191015, -13071262, 
11501028, 508191015, -13071262, 
11501128, 508191015, -13071262, 
11501228, 508191015, -13071262, 
11501328, 508191015, -13071262, 
11501428, 508191015, -13071262, 
11501528, 508191015, -13071262, 
11501628, 508191015, -13071262, 
11501728, 508191015, -13071262, 
11501828, 508191072, -13071262, 
11501928, 508191072, -13071262, 
11502028, 508191072, -13071262, 
11502128, 508191072, -13071262, 
11502228, 508191072, -13071262, 
11502328, 508191072, -13071262, 
11502428, 508191072, -13071262, 
11502528, 508191072, -13071262, 
11502628, 508191072, -13071262, 
11502728, 508191072, -13071262, 
11502828, 508191072, -13071262, 
11502928, 508191072, -13071262, 
11503028, 508191072, -13071262, 
11503128, 508191072, -13071262, 
11503228, 508191072, -13071262, 
11503328, 508191072, -13071262, 
11503428, 508191072, -13071262, 
11503528, 508191072, -13071262, 
11503628, 508191072, -13071262, 
11503728, 508191072, -13071262, 
11503828, 508191072, -13071262, 
11503928, 508191072, -13071262, 
11504028, 508191072, -13071262, 
11504128, 508191002, -13071259, 
11504228, 508191000, -13071401, 
11504328, 508191000, -13071401, 
11504428, 508191000, -13071401, 
11504528, 508191000, -13071401, 
11504628, 508191000, -13071401, 
11504728, 508191000, -13071401, 
11504828, 508191000, -13071401, 
11504928, 508191000, -13071401, 
11505028, 508191000, -13071401, 
11505128, 508191000, -13071401, 
11505228, 508191000, -13071401, 
11505328, 508191000, -13071401, 
11505428, 508191000, -13071401, 
11505528, 508191000, -13071401, 
11505628, 508191000, -13071401, 
11505728, 508191000, -13071401, 
11505828, 508191000, -13071401, 
11505928, 508191000, -13071401, 
11510028, 508191000, -13071401, 
11510128, 508191000, -13071401, 
11510228, 508191000, -13071401, 
11510328, 508191000, -13071401, 
11510428, 508191000, -13071401, 
11510528, 508191000, -13071401, 
11510628, 508191000, -13071401, 
11510728, 508191000, -13071401, 
11510828, 508191000, -13071401, 
11510928, 508191000, -13071401, 
11511028, 508191000, -13071401, 
11511128, 508191000, -13071401, 
11511228, 508191000, -13071401, 
11511328, 508191000, -13071401, 
11511428, 508191000, -13071401, 
11511528, 508191000, -13071401, 
11511628, 508191000, -13071401, 
11511728, 508191000, -13071401, 
11511828, 508191000, -13071401, 
11511928, 508191000, -13071401, 
11512028, 508191000, -13071401, 
11512128, 508191000, -13071401, 
11512228, 508191000, -13071401, 
11512328, 508191000, -13071401, 
11512428, 508191000, -13071401, 
11512528, 508191000, -13071401, 
11512628, 508191000, -13071401, 
11512728, 508191000, -13071401, 
11512828, 508191000, -13071401, 
11512928, 508191000, -13071401, 
11513028, 508191000, -13071401, 
11513128, 508191000, -13071401, 
11513228, 508191057, -13071401, 
11513328, 508191057, -13071401, 
11513428, 508191057, -13071401, 
11513528, 508191000, -13071401, 
11513628, 508191000, -13071401, 
11513728, 508191000, -13071401, 
11513828, 508191000, -13071401, 
11513928, 508191002, -13071259, 
11514028, 508190932, -13071256, 
11514128, 508190934, -13071114, 
11514228, 508190877, -13071114, 
11514328, 508190879, -13070972, 
11514428, 508190809, -13070969, 
11514528, 508190811, -13070827, 
11514628, 508190811, -13070827, 
11514728, 508190741, -13070824, 
11514828, 508190743, -13070682, 
11514928, 508190743, -13070682, 
11515028, 508190743, -13070682, 
11515128, 508190743, -13070682, 
11515228, 508190741, -13070824, 
11515328, 508190811, -13070827, 
11515428, 508190809, -13070969, 
11515528, 508190866, -13070969, 
11515628, 508190866, -13070969, 
11515728, 508190866, -13070969, 
11515828, 508190864, -13071111, 
11515928, 508190864, -13071111, 
11520028, 508190864, -13071111, 
11520128, 508190864, -13071111, 
11520228, 508190991, -13071114, 
11520328, 508190989, -13071256, 
11520428, 508190988, -13071398, 
11520528, 508191112, -13071543, 
11520628, 508191112, -13071543, 
11520728, 508191111, -13071685, 
11520828, 508191111, -13071685, 
11520928, 508191111, -13071685, 
11521028, 508191111, -13071685, 
11521128, 508191111, -13071685, 
11521228, 508191111, -13071685, 
11521328, 508191111, -13071685, 
11521428, 508191111, -13071685, 
11521528, 508191111, -13071685, 
11521628, 508191111, -13071685, 
11521728, 508191111, -13071685, 
11521828, 508191111, -13071685, 
11521928, 508191111, -13071685, 
11522028, 508191111, -13071685, 
11522128, 508191041, -13071681, 
11522228, 508191041, -13071681, 
11522328, 508191041, -13071681, 
11522428, 508191098, -13071681, 
11522528, 508191098, -13071681, 
11522628, 508191098, -13071681, 
11522728, 508191098, -13071681, 
11522828, 508191098, -13071681, 
11522928, 508191098, -13071681, 
11523028, 508191098, -13071681, 
11523128, 508191098, -13071681, 
11523228, 508191098, -13071681, 
11523328, 508191098, -13071681, 
11523428, 508191098, -13071681, 
11523528, 508191098, -13071681, 
11523628, 508191098, -13071681, 
11523728, 508191098, -13071681, 
11523828, 508191098, -13071681, 
11523928, 508191098, -13071681, 
11524028, 508191098, -13071681, 
11524128, 508191096, -13071823, 
11524228, 508191096, -13071823, 
11524328, 508191096, -13071823, 
11524428, 508191095, -13071965, 
11524528, 508191095, -13071965, 
11524628, 508191095, -13071965, 
11524728, 508191025, -13071962, 
11524828, 508191024, -13072104, 
11524928, 508191024, -13072104, 
11525028, 508191022, -13072246, 
11525128, 508191022, -13072246, 
11525228, 508191020, -13072388, 
11525328, 508191020, -13072388, 
11525428, 508191019, -13072529, 
11525528, 508191019, -13072529, 
11525628, 508191019, -13072529, 
11525728, 508191017, -13072671, 
11525828, 508191074, -13072671, 
11525928, 508191074, -13072671, 
11530028, 508191074, -13072671, 
11530128, 508190948, -13072668, 
11530228, 508190948, -13072668, 
11530328, 508190948, -13072668, 
11530428, 508190946, -13072810, 
11530528, 508191003, -13072810, 
11530628, 508191003, -13072810, 
11530728, 508191003, -13072810, 
11530828, 508191003, -13072810, 
11530928, 508191061, -13072668, 
11531028, 508191131, -13072671, 
11531128, 508191061, -13072668, 
11531228, 508191061, -13072668, 
11531328, 508191061, -13072668, 
11531428, 508191061, -13072668, 
11531528, 508191061, -13072668, 
11531628, 508191061, -13072668, 
11531728, 508191060, -13072810, 
11531828, 508191060, -13072810, 
11531928, 508191060, -13072810, 
11532028, 508191058, -13072952, 
11532128, 508191056, -13073094, 
11532228, 508191056, -13073094, 
11532328, 508191056, -13073094, 
11532428, 508190987, -13073090, 
11532528, 508191056, -13073094, 
11532628, 508190988, -13072949, 
11532728, 508190988, -13072949, 
11532828, 508190988, -13072949, 
11532928, 508190988, -13072949, 
11533028, 508190988, -13072949, 
11533128, 508190988, -13072949, 
11533228, 508190988, -13072949, 
11533328, 508190988, -13072949, 
11533428, 508190988, -13072949, 
11533528, 508190988, -13072949, 
11533628, 508190919, -13072945, 
11533728, 508190920, -13072803, 
11533828, 508190920, -13072803, 
11533928, 508190920, -13072803, 
11534028, 508190920, -13072803, 
11534128, 508190920, -13072803, 
11534228, 508190920, -13072803, 
11534328, 508190920, -13072803, 
11534428, 508190920, -13072803, 
11534528, 508190920, -13072803, 
11534628, 508190920, -13072803, 
11534728, 508190920, -13072803, 
11534828, 508190920, -13072803, 
11534928, 508190920, -13072803, 
11535028, 508190920, -13072803, 
11535128, 508190920, -13072803, 
11535228, 508190920, -13072803, 
11535328, 508190920, -13072803, 
11535428, 508190920, -13072803, 
11535528, 508190920, -13072803, 
11535628, 508190920, -13072803, 
11535728, 508190920, -13072803, 
11535828, 508190920, -13072803, 
11535928, 508190920, -13072803, 
11540028, 508190920, -13072803, 
11540128, 508190920, -13072803, 
11540228, 508190920, -13072803, 
11540328, 508190920, -13072803, 
11540428, 508190920, -13072803, 
11540528, 508190920, -13072803, 
11540628, 508190920, -13072803, 
11540728, 508190920, -13072803, 
11540828, 508190920, -13072803, 
11540928, 508190920, -13072803, 
11541028, 508190920, -13072803, 
11541128, 508190920, -13072803, 
11541228, 508190920, -13072803, 
11541328, 508190920, -13072803, 
11541428, 508190920, -13072803, 
11541528, 508190922, -13072662, 
11541628, 508190922, -13072662, 
11541728, 508190922, -13072662, 
11541828, 508190922, -13072662, 
11541928, 508190922, -13072662, 
11542028, 508190922, -13072662, 
11542128, 508190922, -13072662, 
11542228, 508190922, -13072662, 
11542328, 508190922, -13072662, 
11542428, 508190922, -13072662, 
11542528, 508190922, -13072662, 
11542628, 508190922, -13072662, 
11542728, 508190852, -13072658, 
11542828, 508190852, -13072658, 
11542928, 508190852, -13072658, 
11543028, 508190852, -13072658, 
11543128, 508190795, -13072658, 
11543228, 508190795, -13072658, 
11543328, 508190726, -13072655, 
11543428, 508190726, -13072655, 
11543528, 508190726, -13072655, 
11543628, 508190726, -13072655, 
11543728, 508190726, -13072655, 
11543828, 508190726, -13072655, 
11543928, 508190726, -13072655, 
11544028, 508190726, -13072655, 
11544128, 508190726, -13072655, 
11544228, 508190726, -13072655, 
11544328, 508190726, -13072655, 
11544428, 508190726, -13072655, 
11544528, 508190726, -13072655, 
11544628, 508190726, -13072655, 
11544728, 508190726, -13072655, 
11544828, 508190671, -13072513, 
11544928, 508190671, -13072513, 
11545028, 508190671, -13072513, 
11545128, 508190671, -13072513, 
11545228, 508190671, -13072513, 
11545328, 508190671, -13072513, 
11545428, 508190671, -13072513, 
11545528, 508190671, -13072513, 
11545628, 508190671, -13072513, 
11545728, 508190671, -13072513, 
11545828, 508190671, -13072513, 
11545928, 508190671, -13072513, 
11550028, 508190671, -13072513, 
11550128, 508190671, -13072513, 
11550228, 508190671, -13072513, 
11550328, 508190671, -13072513, 
11550428, 508190671, -13072513, 
11550528, 508190671, -13072513, 
11550628, 508190671, -13072513, 
11550728, 508190671, -13072513, 
11550828, 508190671, -13072513, 
11550928, 508190671, -13072513, 
11551028, 508190671, -13072513, 
11551128, 508190671, -13072513, 
11551228, 508190671, -13072513, 
11551328, 508190671, -13072513, 
11551428, 508190671, -13072513, 
11551528, 508190669, -13072655, 
11551628, 508190612, -13072655, 
11551728, 508190612, -13072655, 
11551828, 508190541, -13072794, 
11551928, 508190539, -13072936, 
11552028, 508190539, -13072936, 
11552128, 508190411, -13073074, 
11552228, 508190353, -13073216, 
11552328, 508190353, -13073216, 
11552428, 508190353, -13073216, 
11552528, 508190353, -13073216, 
11552628, 508190353, -13073216, 
11552728, 508190353, -13073216, 
11552828, 508190353, -13073216, 
11552928, 508190353, -13073216, 
11553028, 508190226, -13073213, 
11553128, 508190226, -13073213, 
11553228, 508190226, -13073213, 
11553328, 508190228, -13073071, 
11553428, 508190231, -13072787, 
11553528, 508190231, -13072787, 
11553628, 508190234, -13072504, 
11553728, 508190306, -13072365, 
11553828, 508190306, -13072365, 
11553928, 508190307, -13072223, 
11554028, 508190309, -13072081, 
11554128, 508190309, -13072081, 
11554228, 508190314, -13071656, 
11554328, 508190315, -13071514, 
11554428, 508190315, -13071514, 
11554528, 508190317, -13071372, 
11554628, 508190317, -13071372, 
11554728, 508190317, -13071372, 
11554828, 508190192, -13071227, 
11554928, 508190193, -13071085, 
11555028, 508190193, -13071085, 
11555128, 508190195, -13070943, 
11555228, 508190195, -13070943, 
11555328, 508190195, -13070943, 
11555428, 508190266, -13070804, 
11555528, 508190266, -13070804, 
11555628, 508190266, -13070804, 
11555728, 508190323, -13070804, 
11555828, 508190323, -13070804, 
11555928, 508190323, -13070804, 
11560028, 508190394, -13070666, 
11560128, 508190393, -13070808, 
11560228, 508190393, -13070808, 
11560328, 508190393, -13070808, 
11560428, 508190393, -13070808, 
11560528, 508190393, -13070808, 
11560628, 508190450, -13070808, 
11560728, 508190519, -13070811, 
11560828, 508190519, -13070811, 
11560928, 508190519, -13070811, 
11561028, 508190519, -13070811, 
11561128, 508190519, -13070811, 
11561228, 508190519, -13070811, 
11561328, 508190519, -13070811, 
11561428, 508190519, -13070811, 
11561528, 508190519, -13070811, 
11561628, 508190519, -13070811, 
11561728, 508190519, -13070811, 
11561828, 508190519, -13070811, 
11561928, 508190519, -13070811, 
11562128, 508190519, -13070811, 
11562228, 508190519, -13070811, 
11562328, 508190589, -13070814, 
11562428, 508190589, -13070814, 
11562528, 508190589, -13070814, 
11562628, 508190587, -13070956, 
11562728, 508190587, -13070956, 
11562828, 508190587, -13070956, 
11562928, 508190587, -13070956, 
11563028, 508190587, -13070956, 
11563128, 508190587, -13070956, 
11563228, 508190587, -13070956, 
11563328, 508190587, -13070956, 
11563428, 508190587, -13070956, 
11563528, 508190587, -13070956, 
11563628, 508190587, -13070956, 
11563728, 508190587, -13070956, 
11563828, 508190587, -13070956, 
11563928, 508190587, -13070956, 
11564028, 508190589, -13070814, 
11564128, 508190589, -13070814, 
11564228, 508190589, -13070814, 
11564328, 508190589, -13070814, 
11564428, 508190589, -13070814, 
11564528, 508190589, -13070814, 
11564628, 508190589, -13070814, 
11564728, 508190589, -13070814, 
11564828, 508190589, -13070814, 
11564928, 508190589, -13070814, 
11565028, 508190589, -13070814, 
11565128, 508190589, -13070814, 
11565228, 508190589, -13070814, 
11565328, 508190590, -13070672, 
11565428, 508190521, -13070669, 
11565528, 508190521, -13070669, 
11565628, 508190464, -13070669, 
11565728, 508190466, -13070527, 
11565828, 508190466, -13070527, 
11565928, 508190396, -13070524, 
11570028, 508190398, -13070382, 
11570128, 508190398, -13070382, 
11570228, 508190398, -13070382, 
11570328, 508190398, -13070382, 
11570428, 508190341, -13070382, 
11570528, 508190271, -13070379, 
11570628, 508190271, -13070379, 
11570728, 508190271, -13070379, 
11570828, 508190214, -13070379, 
11570928, 508190214, -13070379, 
11571028, 508190214, -13070379, 
11571128, 508190214, -13070379, 
11571228, 508190214, -13070379, 
11571328, 508190214, -13070379, 
11571428, 508190271, -13070379, 
11571528, 508190271, -13070379, 
11571628, 508190271, -13070379, 
11571728, 508190271, -13070379, 
11571828, 508190271, -13070379, 
11571928, 508190271, -13070379, 
11572028, 508190273, -13070237, 
11572128, 508190271, -13070379, 
11572228, 508190271, -13070379, 
11572328, 508190271, -13070379, 
11572428, 508190213, -13070521, 
11572528, 508190143, -13070517, 
11572628, 508190143, -13070517, 
11572728, 508190143, -13070517, 
11572828, 508190143, -13070517, 
11572928, 508190143, -13070517, 
11573028, 508190143, -13070517, 
11573128, 508190143, -13070517, 
11573228, 508190073, -13070514, 
11573328, 508190073, -13070514, 
11573428, 508190073, -13070514, 
11573528, 508190073, -13070514, 
11573628, 508190073, -13070514, 
11573728, 508190018, -13070372, 
11573828, 508190018, -13070372, 
11573928, 508190018, -13070372, 
11574028, 508190020, -13070230, 
11574128, 508189950, -13070227, 
11574228, 508189950, -13070227, 
11574328, 508189952, -13070085, 
11574428, 508189952, -13070085, 
11574528, 508189952, -13070085, 
11574628, 508189895, -13070085, 
11574728, 508189895, -13070085, 
11574828, 508189895, -13070085, 
11574928, 508189893, -13070227, 
11575028, 508189824, -13070224, 
11575128, 508189824, -13070224, 
11575228, 508189893, -13070227, 
11575328, 508189895, -13070085, 
11575428, 508189895, -13070085, 
11575528, 508189896, -13069943, 
11575628, 508189896, -13069943, 
11575728, 508189898, -13069802, 
11575828, 508189900, -13069660, 
11575928, 508189901, -13069518, 
11580028, 508189901, -13069518, 
11580128, 508189903, -13069376, 
11580228, 508189846, -13069376, 
11580328, 508189776, -13069373, 
11580428, 508189778, -13069231, 
11580528, 508189849, -13069092, 
11580628, 508189849, -13069092, 
11580728, 508189849, -13069092, 
11580828, 508189849, -13069092, 
11580928, 508189851, -13068950, 
11581028, 508189851, -13068950, 
11581128, 508189851, -13068950, 
11581228, 508189851, -13068950, 
